//  2015-02-08 21:43:39

#include <cstdio>
main()
{
int tab[1001] = {1,1,2,6,4,2,2,4,2,8,8,8,6,8,2,8,8,6,8,2,4,4,8,4,6,4,4,8,4,6,8,8,6,8,2,2,2,4,2,8,2,2,4,2,8,6,6,2,6,4,2,2,4,2,8,4,4,8,4,6,6,6,2,6,4,6,6,2,6,4,8,8,6,8,2,4,4,8,4,6,8,8,6,8,2,2,2,4,2,8,2,2,4,2,8,6,6,2,6,4,4,4,8,4,6,8,8,6,8,2,2,2,4,2,8,2,2,4,2,8,6,6,2,6,4,8,8,6,8,2,6,6,2,6,4,4,4,8,4,6,4,4,8,4,6,2,2,4,2,8,2,2,4,2,8,4,4,8,4,6,6,6,2,6,4,6,6,2,6,4,8,8,6,8,2,6,6,2,6,4,2,2,4,2,8,8,8,6,8,2,8,8,6,8,2,4,4,8,4,6,2,2,4,2,8,4,4,8,4,6,6,6,2,6,4,6,6,2,6,4,8,8,6,8,2,2,2,4,2,8,4,4,8,4,6,6,6,2,6,4,6,6,2,6,4,8,8,6,8,2,8,8,6,8,2,6,6,2,6,4,4,4,8,4,6,4,4,8,4,6,2,2,4,2,8,2,2,4,2,8,4,4,8,4,6,6,6,2,6,4,6,6,2,6,4,8,8,6,8,2,6,6,2,6,4,2,2,4,2,8,8,8,6,8,2,8,8,6,8,2,4,4,8,4,6,2,2,4,2,8,4,4,8,4,6,6,6,2,6,4,6,6,2,6,4,8,8,6,8,2,2,2,4,2,8,4,4,8,4,6,6,6,2,6,4,6,6,2,6,4,8,8,6,8,2,2,2,4,2,8,4,4,8,4,6,6,6,2,6,4,6,6,2,6,4,8,8,6,8,2,8,8,6,8,2,6,6,2,6,4,4,4,8,4,6,4,4,8,4,6,2,2,4,2,8,4,4,8,4,6,8,8,6,8,2,2,2,4,2,8,2,2,4,2,8,6,6,2,6,4,8,8,6,8,2,6,6,2,6,4,4,4,8,4,6,4,4,8,4,6,2,2,4,2,8,8,8,6,8,2,6,6,2,6,4,4,4,8,4,6,4,4,8,4,6,2,2,4,2,8,4,4,8,4,6,8,8,6,8,2,2,2,4,2,8,2,2,4,2,8,6,6,2,6,4,6,6,2,6,4,2,2,4,2,8,8,8,6,8,2,8,8,6,8,2,4,4,8,4,6,8,8,6,8,2,6,6,2,6,4,4,4,8,4,6,4,4,8,4,6,2,2,4,2,8,6,6,2,6,4,2,2,4,2,8,8,8,6,8,2,8,8,6,8,2,4,4,8,4,6,6,6,2,6,4,2,2,4,2,8,8,8,6,8,2,8,8,6,8,2,4,4,8,4,6,6,6,2,6,4,2,2,4,2,8,8,8,6,8,2,8,8,6,8,2,4,4,8,4,6,4,4,8,4,6,8,8,6,8,2,2,2,4,2,8,2,2,4,2,8,6,6,2,6,4,2,2,4,2,8,4,4,8,4,6,6,6,2,6,4,6,6,2,6,4,8,8,6,8,2,4,4,8,4,6,8,8,6,8,2,2,2,4,2,8,2,2,4,2,8,6,6,2,6,4,4,4,8,4,6,8,8,6,8,2,2,2,4,2,8,2,2,4,2,8,6,6,2,6,4,8,8,6,8,2,6,6,2,6,4,4,4,8,4,6,4,4,8,4,6,2,2,4,2,8,2,2,4,2,8,4,4,8,4,6,6,6,2,6,4,6,6,2,6,4,8,8,6,8,2,6,6,2,6,4,2,2,4,2,8,8,8,6,8,2,8,8,6,8,2,4,4,8,4,6,2,2,4,2,8,4,4,8,4,6,6,6,2,6,4,6,6,2,6,4,8,8,6,8,2,2,2,4,2,8,4,4,8,4,6,6,6,2,6,4,6,6,2,6,4,8,8,6,8,2,8,8,6,8,2,6,6,2,6,4,4,4,8,4,6,4,4,8,4,6,2,2,4,2,8,2,2,4,2,8,4,4,8,4,6,6,6,2,6,4,6,6,2,6,4,8,8,6,8,2,6,6,2,6,4,2,2,4,2,8,8,8,6,8,2,8,8,6,8,2,4,4,8,4,6,2,2,4,2,8,4,4,8,4,6,6,6,2,6,4,6,6,2,6,4,8,8,6,8,2,2,2,4,2,8,4,4,8,4,6,6,6,2,6,4,6,6,2,6,4,8,8,6,8,2,2};
int q,n;
scanf("%i",&q);
for(int i=0;i<q;i++)
{
    scanf("%i",&n);
    printf("%i\n",tab[n]);
}
return 0;
}
